BADGE1 = 0
BADGE2 = 0
BADGE3 = 0
BADGE4 = 0
BADGE5 = 0
BADGE6 = 0
BADGE7 = 0
BADGE8 = 0
BADGE9 = 0
BADGE10 = 0

LLEVEL1  = 0,40
LLEVEL1_PIECES = 0,1,2,3,7,17,22
LLEVEL1_BOARD = 0,0,0,0,0,0,0,0,0,0,0,0,0,0,0,0,0,0,0,0,0,0,0,0,0,0,0,0,0,0,0,0,0,0,0,0,0,0,0,0,1,1,1,1,1,1,0,0,0,0,0,0,1,1,1,1,0,1,0,0,0,0,0,0,1,1,1,1,1,1,0,0,0,0,0,0,1,1,1,1,1,1,0,0,0,0,0,0,1,1,1,1,1,1,0,0,0,0,0,0,1,1,1,1,1,1,0,0,0,0,0,0,0,0,0,0,0,0,0,0,0,0,0,0,0,0,0,0,0,0,0,0,0,0,0,0,0,0,0,0,0,0,0,0

LLEVEL2  = ,40
LLEVEL2_PIECES = 0,1,2,3,4,7,8,11,13,17,30,34
LLEVEL2_BOARD = 1,1,1,1,1,1,0,0,0,0,0,0,1,1,1,1,1,1,0,0,0,0,0,0,1,1,1,1,1,0,0,0,0,0,0,0,1,0,1,1,1,0,0,0,0,0,0,0,1,1,1,1,1,1,0,0,0,0,0,0,1,1,1,1,1,1,0,0,0,0,0,0,1,1,1,0,1,0,0,0,0,0,0,0,1,1,1,1,0,0,0,0,0,0,0,0,1,1,1,0,0,0,0,0,0,0,0,0,1,1,0,0,0,0,0,0,0,0,0,0,1,0,0,0,0,0,0,0,0,0,0,0,0,0,0,0,0,0,0,0,0,0,0,0

LLEVEL3  = ,30
LLEVEL3_PIECES = 0,1,2,3,4,5,6,8
LLEVEL3_BOARD = 0,0,0,0,0,0,0,0,0,0,0,0,0,0,1,1,0,0,0,0,0,0,0,0,0,0,1,1,0,0,0,1,0,0,0,0,0,0,1,1,1,1,1,1,0,0,0,0,0,0,1,1,0,1,0,1,0,0,0,0,0,0,0,1,1,1,1,1,0,0,0,0,0,0,0,1,1,1,0,1,0,0,0,0,0,0,0,1,1,1,1,1,0,0,0,0,0,0,0,1,0,1,1,0,0,0,0,0,0,0,0,0,0,0,0,0,0,0,0,0,0,0,0,0,0,0,0,0,0,0,0,0,0,0,0,0,0,0,0,0,0,0,0,0

LLEVEL4  = ,30
LLEVEL4_PIECES = 0,1,2,7,9,10,27,29,32,33,34
LLEVEL4_BOARD = 0,0,0,0,0,0,0,0,1,1,1,1,0,0,0,0,0,0,0,0,1,1,1,1,0,0,0,0,0,0,0,0,1,1,1,1,0,0,0,0,0,0,0,1,1,1,1,1,0,0,0,0,0,0,0,1,1,1,1,1,0,0,0,0,0,0,0,1,1,1,1,0,0,0,0,1,0,0,0,0,0,0,0,0,1,1,1,1,0,0,0,0,0,0,0,0,1,1,1,1,1,0,0,0,0,0,0,0,1,1,1,1,1,0,0,0,0,0,0,0,1,1,1,1,1,0,0,0,0,0,0,0,1,1,1,1,1,0,0,0,0,0,0,0

LLEVEL5  = ,7
LLEVEL5_PIECES = 0
LLEVEL5_BOARD = 0,0,0,0,0,0,0,0,0,0,0,0,0,0,0,0,0,0,0,0,0,0,0,0,0,0,0,0,0,0,0,0,0,0,0,0,0,0,0,0,0,0,0,0,0,0,0,0,0,0,0,0,0,0,0,1,0,0,0,0,0,0,0,0,0,0,1,1,0,0,0,0,0,0,0,0,0,1,1,0,0,0,0,0,0,0,0,0,0,1,0,0,0,0,0,0,0,0,0,0,0,0,0,0,0,0,0,0,0,0,0,0,0,0,0,0,0,0,0,0,0,0,0,0,0,0,0,0,0,0,0,0,0,0,0,0,0,0,0,0,0,0,0,0

PLEVEL1  = 0,15
PLEVEL1_PIECES = 0,1,2,6,25,32,33
PLEVEL1_BOARD = 0,0,0,0,0,0,0,0,0,0,0,0,0,0,0,0,0,0,0,0,0,0,0,0,0,0,0,0,0,0,0,0,0,0,0,0,0,0,0,0,1,1,1,1,1,0,0,0,0,0,0,0,1,1,1,1,1,1,0,0,0,0,0,0,1,1,1,1,1,0,0,0,0,0,0,0,1,1,1,1,1,0,0,0,0,0,0,0,1,1,1,1,1,0,0,0,0,0,0,0,1,1,1,1,1,0,0,0,0,0,0,0,1,1,1,1,1,0,0,0,0,0,0,0,0,0,0,0,0,0,0,0,0,0,0,0,0,0,0,0,0,0,0,0

PLEVEL2  = ,24
PLEVEL2_PIECES = 0,1,5,6,7,9,11,12,25,31,32,34
PLEVEL2_BOARD = 0,0,0,0,0,0,0,0,0,0,0,0,0,0,0,1,1,1,1,1,1,1,1,0,1,1,0,0,0,1,1,1,1,1,0,0,1,1,0,0,1,0,0,1,1,1,0,0,1,1,1,1,1,0,0,1,1,0,0,0,1,1,1,1,0,1,1,1,1,1,1,0,0,1,1,1,1,0,1,1,1,1,0,0,0,1,1,1,1,1,0,1,1,0,1,0,0,1,1,1,1,1,1,0,0,1,1,0,0,1,0,1,1,0,0,0,0,1,0,0,0,1,0,0,0,0,0,0,0,1,0,0,1,1,1,0,0,0,0,0,0,1,0,0

PLEVEL3  = ,14
PLEVEL3_PIECES = 0,10,11,20,30,31,32,33
PLEVEL3_BOARD = 0,0,0,0,0,0,0,0,0,0,0,0,0,0,0,0,0,0,0,0,1,0,0,0,0,0,1,1,1,0,0,1,1,1,0,0,0,0,1,1,0,0,1,1,1,0,0,0,0,0,1,1,1,1,1,1,1,0,0,0,0,0,1,1,0,1,1,1,0,0,0,0,0,0,1,1,1,1,1,1,1,0,0,0,0,0,1,1,1,1,1,1,1,0,0,0,0,0,0,1,0,0,1,1,1,0,0,0,0,0,0,0,0,0,0,0,0,0,0,0,0,0,0,0,0,0,0,0,0,0,0,0,0,0,0,0,0,0,0,0,0,0,0,0

PLEVEL4  = ,12
PLEVEL4_PIECES = 0,1,2,3,4,5,6,7,8,9,10
PLEVEL4_BOARD = 0,0,0,0,0,0,0,0,0,0,0,0,0,1,1,1,1,0,0,0,0,0,0,0,0,1,0,0,1,1,1,1,1,0,0,0,0,1,0,0,1,1,0,0,1,0,0,0,0,1,1,1,1,1,1,1,1,0,0,0,0,1,1,0,1,1,1,1,1,1,1,0,0,1,0,1,1,1,1,1,1,0,0,0,0,0,1,1,1,1,1,1,0,0,0,0,0,0,1,1,1,1,1,1,0,0,0,0,0,0,1,1,0,0,0,1,1,0,0,0,0,0,1,1,1,0,0,1,0,0,0,0,0,0,0,1,0,0,0,1,0,0,0,0

PLEVEL5= ,8
PLEVEL5_PIECES = 0,7,8,9,10,11,13,14,15
PLEVEL5_BOARD = 0,0,0,0,0,0,0,0,0,0,0,0,1,0,1,0,0,0,0,0,0,0,0,0,1,1,1,1,0,1,0,0,0,0,0,0,1,1,1,1,1,1,1,1,1,1,0,0,1,0,0,1,1,1,1,1,1,0,0,0,0,0,0,1,1,1,0,0,1,0,0,0,0,0,0,1,1,1,1,1,1,0,0,0,0,1,1,1,1,1,1,1,1,0,0,0,0,0,0,1,0,1,1,1,0,0,0,0,0,0,0,0,0,0,0,1,0,0,0,0,0,0,0,0,0,0,0,1,0,0,0,0,0,0,0,0,0,0,0,0,0,0,0,0

RLEVEL1  = 0,
RLEVEL1_PIECES = 0,1,3,11,12,22,26
RLEVEL1_BOARD = 0,0,0,0,0,0,0,0,0,0,0,0,0,0,0,0,0,0,0,0,0,0,0,0,0,0,0,0,0,0,0,0,0,0,0,0,0,0,1,25,1,35,1,1,22,1,0,0,0,0,0,1,14,21,12,11,30,0,0,0,0,0,0,1,1,20,1,1,0,0,0,0,0,0,0,24,1,1,13,31,0,0,0,0,0,0,0,0,33,1,15,1,0,0,0,0,0,0,0,0,1,34,1,23,0,0,0,0,0,0,0,0,10,0,0,1,0,0,0,0,0,0,0,0,1,0,0,32,0,0,0,0,0,0,0,0,0,0,0,0,0,0,0,0

RLEVEL2  = 
RLEVEL2_PIECES = 0,1,2,3,10,15,18,19,20
RLEVEL2_BOARD = 0,0,13,0,0,0,0,0,0,0,0,0,0,0,1,0,32,1,1,0,0,0,0,0,0,0,1,0,1,21,1,22,0,1,12,0,0,0,1,0,0,1,0,0,0,34,0,0,0,0,33,24,1,1,0,0,0,1,0,0,0,0,1,1,15,1,1,11,25,1,0,0,0,1,1,35,1,20,1,1,1,23,0,0,0,1,10,1,1,1,1,30,31,1,0,0,0,0,0,0,0,0,0,0,0,1,0,0,0,0,0,0,0,0,0,0,0,14,0,0,0,0,0,0,0,0,0,0,0,0,0,0,0,0,0,0,0,0,0,0,0,0,0,0

RLEVEL3  = 
RLEVEL3_PIECES = 0,10,11,12,13,27,32
RLEVEL3_BOARD = 0,0,0,0,0,0,0,0,0,0,0,0,0,0,0,0,0,0,0,0,0,0,0,0,0,0,0,0,0,1,13,14,0,0,0,0,0,0,0,23,1,32,1,22,0,0,0,0,0,0,0,1,0,10,0,1,33,0,0,0,0,0,0,25,30,35,20,1,1,0,0,0,0,0,12,1,1,31,0,1,11,0,0,0,0,0,1,0,1,1,1,24,0,0,0,0,0,1,21,1,15,1,0,0,0,0,0,0,0,0,1,34,0,0,0,0,0,0,0,0,0,0,0,0,0,0,0,0,0,0,0,0,0,0,0,0,0,0,0,0,0,0,0,0

RLEVEL4  = 
RLEVEL4_PIECES = 0,2,3,4,10,12,15,17,23,32
RLEVEL4_BOARD = 22,1,1,1,1,0,0,0,0,0,0,0,1,1,32,13,1,0,0,0,0,0,0,0,0,1,1,1,1,0,0,0,0,0,0,0,0,14,0,31,0,0,0,0,0,0,0,0,0,1,25,1,0,0,0,0,0,0,0,0,1,34,1,1,20,0,0,0,0,0,0,0,0,0,0,0,0,0,10,1,30,0,21,0,0,0,0,0,0,0,1,1,0,1,11,1,0,0,0,0,0,0,1,0,0,24,1,15,0,0,0,0,0,0,1,33,1,1,1,1,0,0,0,0,0,0,23,1,12,1,1,1,0,0,0,0,0,0,0,1,1,1,1,35

RLEVEL5  = 
RLEVEL5_PIECES = 0,1,2,4,5,10,11,12,14,15
RLEVEL5_BOARD = 0,0,0,12,1,32,1,1,31,1,1,13,0,0,0,1,0,0,22,0,0,0,0,1,0,0,0,1,0,0,1,0,0,0,1,0,0,0,0,24,0,0,30,0,0,1,11,0,0,0,1,0,0,0,1,0,0,1,0,0,0,0,1,0,0,0,1,0,0,33,0,0,0,1,14,1,1,0,23,0,0,1,0,0,0,0,0,0,1,1,10,1,35,20,1,0,0,0,0,1,34,0,1,0,0,1,0,0,0,0,0,1,0,0,1,0,0,1,0,0,0,0,1,15,0,0,21,0,1,25,0,0,0,0,0,1,0,1,1,1,0,0,0,0
